150,000~160,000 headlines / year * 6 

2015 전체: (완)
2016 전체: (완)
2017 전체: (완)
2018 전체: (완)
2019 전체: (완)
2020 전체: (완) 
2021 1/1~4/15: (완)

아래는 365일 (2015, 2021 1/3)
#days=[20210101,20210102,20210103,20210104,20210105,20210106,20210107,20210108,20210109,20210110,20210111,20210112,20210113,20210114,20210115,20210116,20210117,20210118,20210119,20210120,20210121,20210122,20210123,20210124,20210125,20210126,20210127,20210128,20210129,20210130,20210131,20210201,20210202,20210203,20210204,20210205,20210206,20210207,20210208,20210209,20210210,20210211,20210212,20210213,20210214,20210215,20210216,20210217,20210218,20210219
,20210220,20210221,20210222,20210223,20210224,20210225,20210226,20210227,20210228,20210301,20210302,20210303,20210304,20210305,20210306,20210307,20210308,20210309,20210310,20210311,20210312,20210313,20210314,20210315,20210316,20210317,20210318,20210319,20210320,20210321,20210322
,20210323,20210324,20210325,20210326,20210327,20210328,20210329,20210330,20210331,20210401,20210402,20210403,20210404,20210405,20210406,20210407,20210408,20210409,20210410,20210411,20210412,20210413,20210414,20210415]


#days=[20210701,20150702,20150703,20150704,20150705,20150706,20150707,20150708,20150709,20150710,20150711,20150712,20150713,20150714,20150715,20150716,20150717,20150718,20150719,20150720,20150721,20150722,20150723,20150724,20150725,20150726
,20150727,20150728,20150729,20150730,20150731,20150801,20150802,20150803,20150804,20150805,20150806,20150807,20150808,20150809,20150810,20150811,20150812,20150813,20150814,20150815,20150816,20150817,20150818,20150819,20150820,20150821,20150822,20150823
,20150824,20150825,20150826,20150827,20150828,20150829,20150830,20150831,20150901,20150902,20150903,20150904,20150905,20150906,20150907,20150908,20150909,20150910,20150911,20150912,20150913,20150914,20150915,20150916,20150917,20150918,20150919,20150920,20150921,20150922,20150923
,20150924,20150925,20150926,20150927,20150928,20150929,20150930]
#days=[20151001,20151002,20151003,20151004,20151005,20151006,20151007,20151008,20151009,20151010,20151011,20151012,20151013,20151014,20151015,20151016,20151017,20151018,20151019,20151020,20151021,20151022,20151023,20151024
,20151025,20151026,20151027,20151028,20151029,20151030,20151031,20151101,20151102,20151103,20151104,20151105,20151106,20151107,20151108,20151109,20151110,20151111,20151112,20151113,20151114,20151115,20151116,20151117,20151118,20151119,20151120
,20151121,20151122,20151123,20151124,20151125,20151126,20151127,20151128,20151129,20151130,20151201,20151202,20151203,20151204,20151205,20151206,20151207,20151208,20151209,20151210,20151211,20151212,20151213,20151214,20151215,20151216,20151217
,20151218,20151219,20151220,20151221,20151222,20151223,20151224,20151225,20151226,20151227,20151228,20151229,20151230,20151231]
